date/time: ,11/10/2023,11:21 a.m.
Run 1

time	(N)
0,000000	5,010390E+0
0,010000	5,035621E+0
0,020000	5,089235E+0
0,030000	5,136541E+0
0,040000	5,205924E+0
0,050000	5,272153E+0
0,060000	5,344690E+0
0,070000	5,429842E+0
0,080000	5,502379E+0
0,090000	5,587530E+0
0,100000	5,656913E+0
0,110000	5,735757E+0
0,120000	5,833524E+0
0,130000	5,924984E+0
0,140000	6,019597E+0
0,150000	6,133132E+0
0,160000	6,246668E+0
0,170000	6,344435E+0
0,180000	6,445356E+0
0,190000	6,533661E+0
0,200000	6,615659E+0
0,210000	6,719734E+0
0,220000	6,830116E+0
0,230000	6,931036E+0
0,240000	7,025649E+0
0,250000	7,107647E+0
0,260000	7,218029E+0
0,270000	7,296873E+0
0,280000	7,369410E+0
0,290000	7,423024E+0
0,300000	7,498715E+0
0,310000	7,568098E+0
0,320000	7,631173E+0
0,330000	7,681633E+0
0,340000	7,735247E+0
0,350000	7,785708E+0
0,360000	7,804630E+0
0,370000	7,848783E+0
0,380000	7,855091E+0
0,390000	7,874013E+0
0,400000	7,886628E+0
0,410000	7,892936E+0
0,420000	7,883475E+0
0,430000	7,883475E+0
0,440000	7,877167E+0
0,450000	7,833014E+0
0,460000	7,807784E+0
0,470000	7,751016E+0
0,480000	7,700556E+0
0,490000	7,665865E+0
0,500000	7,609097E+0
0,510000	7,564944E+0
0,520000	7,495561E+0
0,530000	7,432486E+0
0,540000	7,334719E+0
0,550000	7,274797E+0
0,560000	7,177030E+0
0,570000	7,088725E+0
0,580000	7,000419E+0
0,590000	6,902652E+0
0,600000	6,820654E+0
0,610000	6,738656E+0
0,620000	6,628274E+0
0,630000	6,524200E+0
0,640000	6,413818E+0
0,650000	6,309744E+0
0,660000	6,208823E+0
0,670000	6,120517E+0
0,680000	6,022751E+0
0,690000	5,937599E+0
0,700000	5,846139E+0
0,710000	5,757834E+0
0,720000	5,672682E+0
0,730000	5,578069E+0
0,740000	5,473995E+0
0,750000	5,401458E+0
0,760000	5,338383E+0
0,770000	5,265846E+0
0,780000	5,209078E+0
0,790000	5,152310E+0
0,800000	5,098696E+0
0,810000	5,054543E+0
0,820000	5,010390E+0
0,830000	4,975699E+0
0,840000	4,934700E+0
0,850000	4,912624E+0
0,860000	4,896855E+0
0,870000	4,896855E+0
0,880000	4,896855E+0
0,890000	4,896855E+0
0,900000	4,915777E+0
0,910000	4,909470E+0
0,920000	4,941008E+0
0,930000	4,963084E+0
0,940000	5,013544E+0
0,950000	5,051389E+0
0,960000	5,095542E+0
0,970000	5,158618E+0
0,980000	5,212232E+0
0,990000	5,272153E+0
1,000000	5,332075E+0
1,010000	5,414073E+0
1,020000	5,496071E+0
1,030000	5,581223E+0
1,040000	5,682143E+0
1,050000	5,760988E+0
1,060000	5,849293E+0
1,070000	5,937599E+0
1,080000	6,044827E+0
1,090000	6,129979E+0
1,100000	6,230899E+0
1,110000	6,325512E+0
1,120000	6,435894E+0
1,130000	6,533661E+0
1,140000	6,621967E+0
1,150000	6,710272E+0
1,160000	6,814347E+0
1,170000	6,915267E+0
1,180000	6,987804E+0
1,190000	7,079263E+0
1,200000	7,167569E+0
1,210000	7,259028E+0
1,220000	7,341026E+0
1,230000	7,413563E+0
1,240000	7,473485E+0
1,250000	7,539714E+0
1,260000	7,599635E+0
1,270000	7,640634E+0
1,280000	7,706864E+0
1,290000	7,751016E+0
1,300000	7,795169E+0
1,310000	7,836168E+0
1,320000	7,833014E+0
1,330000	7,851937E+0
1,340000	7,864552E+0
1,350000	7,874013E+0
1,360000	7,855091E+0
1,370000	7,839322E+0
1,380000	7,829861E+0
1,390000	7,807784E+0
1,400000	7,801477E+0
1,410000	7,757324E+0
1,420000	7,700556E+0
1,430000	7,646942E+0
1,440000	7,574405E+0
1,450000	7,517637E+0
1,460000	7,460869E+0
1,470000	7,407255E+0
1,480000	7,322104E+0
1,490000	7,249567E+0
1,500000	7,180184E+0
1,510000	7,082417E+0
1,520000	6,978343E+0
1,530000	6,883730E+0
1,540000	6,801732E+0
1,550000	6,713426E+0
1,560000	6,603044E+0
1,570000	6,508431E+0
1,580000	6,413818E+0
1,590000	6,312897E+0
1,600000	6,224592E+0
1,610000	6,107902E+0
1,620000	6,006982E+0
1,630000	5,906061E+0
1,640000	5,833524E+0
1,650000	5,742065E+0
1,660000	5,666375E+0
1,670000	5,578069E+0
1,680000	5,496071E+0
1,690000	5,420381E+0
1,700000	5,328921E+0
1,710000	5,262692E+0
1,720000	5,202770E+0
1,730000	5,149156E+0
1,740000	5,098696E+0
1,750000	5,057697E+0
1,760000	5,023006E+0
1,770000	4,991468E+0
1,780000	4,963084E+0
1,790000	4,928392E+0
1,800000	4,925239E+0
1,810000	4,912624E+0
1,820000	4,896855E+0
1,830000	4,912624E+0
1,840000	4,925239E+0
1,850000	4,941008E+0
1,860000	4,972545E+0
1,870000	5,010390E+0
1,880000	5,038774E+0
1,890000	5,089235E+0
1,900000	5,139695E+0
1,910000	5,199617E+0
1,920000	5,250077E+0
1,930000	5,309999E+0
1,940000	5,388843E+0
1,950000	5,470841E+0
1,960000	5,546531E+0
1,970000	5,628529E+0
1,980000	5,716835E+0
1,990000	5,795679E+0
2,000000	5,880831E+0
2,010000	5,991213E+0
2,020000	6,079518E+0
2,030000	6,180439E+0
2,040000	6,278206E+0
2,050000	6,372819E+0
2,060000	6,489508E+0
2,070000	6,577814E+0
2,080000	6,669273E+0
2,090000	6,773348E+0
2,100000	6,877422E+0
2,110000	6,968881E+0
2,120000	7,054033E+0
2,130000	7,123416E+0
2,140000	7,218029E+0
2,150000	7,287412E+0
2,160000	7,366256E+0
2,170000	7,441947E+0
2,180000	7,498715E+0
2,190000	7,564944E+0
2,200000	7,618558E+0
2,210000	7,684787E+0
2,220000	7,728940E+0
2,230000	7,757324E+0
2,240000	7,782554E+0
2,250000	7,807784E+0
2,260000	7,820399E+0
2,270000	7,836168E+0
2,280000	7,874013E+0
2,290000	7,864552E+0
2,300000	7,851937E+0
2,310000	7,845629E+0
2,320000	7,817245E+0
2,330000	7,798323E+0
2,340000	7,766785E+0
2,350000	7,725786E+0
2,360000	7,672172E+0
2,370000	7,624866E+0
2,380000	7,574405E+0
2,390000	7,508176E+0
2,400000	7,445101E+0
2,410000	7,369410E+0
2,420000	7,284258E+0
2,430000	7,195953E+0
2,440000	7,129724E+0
2,450000	7,044572E+0
2,460000	6,968881E+0
2,470000	6,886883E+0
2,480000	6,782809E+0
2,490000	6,681888E+0
2,500000	6,571506E+0
2,510000	6,464278E+0
2,520000	6,363358E+0
2,530000	6,271898E+0
2,540000	6,183593E+0
2,550000	6,095287E+0
2,560000	6,003828E+0
2,570000	5,896600E+0
2,580000	5,805140E+0
2,590000	5,707374E+0
2,600000	5,612760E+0
2,610000	5,543378E+0
2,620000	5,455072E+0
2,630000	5,385689E+0
2,640000	5,319460E+0
2,650000	5,259538E+0
2,660000	5,199617E+0
2,670000	5,133387E+0
2,680000	5,089235E+0
2,690000	5,029313E+0
2,700000	5,010390E+0
2,710000	4,963084E+0
2,720000	4,937854E+0
2,730000	4,925239E+0
2,740000	4,928392E+0
2,750000	4,915777E+0
2,760000	4,922085E+0
2,770000	4,922085E+0
2,780000	4,934700E+0
2,790000	4,959930E+0
2,800000	4,963084E+0
2,810000	5,007237E+0
2,820000	5,035621E+0
2,830000	5,086081E+0
2,840000	5,142849E+0
2,850000	5,190155E+0
2,860000	5,237462E+0
2,870000	5,300537E+0
2,880000	5,382535E+0
2,890000	5,436149E+0
2,900000	5,524455E+0
2,910000	5,612760E+0
2,920000	5,697912E+0
2,930000	5,798833E+0
2,940000	5,896600E+0
2,950000	5,984905E+0
2,960000	6,082672E+0
2,970000	6,183593E+0
2,980000	6,275052E+0
2,990000	6,369665E+0
3,000000	6,464278E+0
3,010000	6,552584E+0
3,020000	6,640889E+0
3,030000	6,726041E+0
3,040000	6,839577E+0
3,050000	6,934190E+0
3,060000	7,038264E+0
3,070000	7,123416E+0
3,080000	7,205414E+0
3,090000	7,274797E+0
3,100000	7,337872E+0
3,110000	7,410409E+0
3,120000	7,476638E+0
3,130000	7,546021E+0
3,140000	7,605943E+0
3,150000	7,665865E+0
3,160000	7,710017E+0
3,170000	7,760478E+0
3,180000	7,776246E+0
3,190000	7,798323E+0
3,200000	7,814092E+0
3,210000	7,826707E+0
3,220000	7,842476E+0
3,230000	7,833014E+0
3,240000	7,826707E+0
3,250000	7,823553E+0
3,260000	7,798323E+0
3,270000	7,766785E+0
3,280000	7,741555E+0
3,290000	7,700556E+0
3,300000	7,650096E+0
3,310000	7,596482E+0
3,320000	7,549175E+0
3,330000	7,495561E+0
3,340000	7,429332E+0
3,350000	7,353641E+0
3,360000	7,284258E+0
3,370000	7,214875E+0
3,380000	7,129724E+0
3,390000	7,028803E+0
3,400000	6,934190E+0
3,410000	6,852192E+0
3,420000	6,767040E+0
3,430000	6,669273E+0
3,440000	6,562045E+0
3,450000	6,470586E+0
3,460000	6,366511E+0
3,470000	6,259283E+0
3,480000	6,183593E+0
3,490000	6,082672E+0
3,500000	5,981752E+0
3,510000	5,896600E+0
3,520000	5,814602E+0
3,530000	5,729450E+0
3,540000	5,628529E+0
3,550000	5,555993E+0
3,560000	5,467687E+0
3,570000	5,391997E+0
3,580000	5,322614E+0
3,590000	5,262692E+0
3,600000	5,209078E+0
3,610000	5,161771E+0
3,620000	5,108157E+0
3,630000	5,057697E+0
3,640000	5,023006E+0
3,650000	4,994622E+0
3,660000	4,947315E+0
3,670000	4,937854E+0
3,680000	4,931546E+0
3,690000	4,922085E+0
3,700000	4,941008E+0
3,710000	4,950469E+0
3,720000	4,975699E+0
3,730000	4,988314E+0
3,740000	5,013544E+0
3,750000	5,045082E+0
3,760000	5,082927E+0
3,770000	5,136541E+0
3,780000	5,174386E+0
3,790000	5,240616E+0
3,800000	5,300537E+0
3,810000	5,360459E+0
3,820000	5,426688E+0
3,830000	5,496071E+0
3,840000	5,587530E+0
3,850000	5,666375E+0
3,860000	5,757834E+0
3,870000	5,842986E+0
3,880000	5,937599E+0
3,890000	6,032212E+0
3,900000	6,120517E+0
3,910000	6,208823E+0
3,920000	6,297128E+0
3,930000	6,398049E+0
3,940000	6,505277E+0
3,950000	6,609352E+0
3,960000	6,710272E+0
3,970000	6,795424E+0
3,980000	6,893191E+0
3,990000	6,981497E+0
4,000000	7,063495E+0
4,010000	7,139185E+0
4,020000	7,233798E+0
4,030000	7,309489E+0
4,040000	7,382025E+0
4,050000	7,441947E+0
4,060000	7,514484E+0
4,070000	7,590174E+0
4,080000	7,628019E+0
4,090000	7,669018E+0
4,100000	7,706864E+0
4,110000	7,744709E+0
4,120000	7,779400E+0
4,130000	7,801477E+0
4,140000	7,820399E+0
4,150000	7,823553E+0
4,160000	7,826707E+0
4,170000	7,839322E+0
4,180000	7,823553E+0
4,190000	7,820399E+0
4,200000	7,792015E+0
4,210000	7,766785E+0
4,220000	7,741555E+0
4,230000	7,691095E+0
4,240000	7,659557E+0
4,250000	7,605943E+0
4,260000	7,555483E+0
4,270000	7,482946E+0
4,280000	7,416717E+0
4,290000	7,331565E+0
4,300000	7,252721E+0
4,310000	7,180184E+0
4,320000	7,091878E+0
4,330000	7,009880E+0
4,340000	6,918421E+0
4,350000	6,842731E+0
4,360000	6,735502E+0
4,370000	6,625121E+0
4,380000	6,527354E+0
4,390000	6,442202E+0
4,400000	6,341281E+0
4,410000	6,246668E+0
4,420000	6,155209E+0
4,430000	6,054288E+0
4,440000	5,965983E+0
4,450000	5,893446E+0
4,460000	5,795679E+0
4,470000	5,697912E+0
4,480000	5,609607E+0
4,490000	5,533916E+0
4,500000	5,451918E+0
4,510000	5,369920E+0
4,520000	5,306845E+0
4,530000	5,262692E+0
4,540000	5,196463E+0
4,550000	5,149156E+0
4,560000	5,101850E+0
4,570000	5,054543E+0
4,580000	5,004083E+0
4,590000	4,978853E+0
4,600000	4,959930E+0
4,610000	4,941008E+0
4,620000	4,941008E+0
4,630000	4,947315E+0
4,640000	4,934700E+0
4,650000	4,941008E+0
4,660000	4,944161E+0
4,670000	4,982007E+0
4,680000	5,007237E+0
4,690000	5,048236E+0
4,700000	5,076620E+0
4,710000	5,108157E+0
4,720000	5,161771E+0
4,730000	5,212232E+0
4,740000	5,287922E+0
4,750000	5,360459E+0
4,760000	5,439303E+0
4,770000	5,508686E+0
4,780000	5,590684E+0
4,790000	5,669528E+0
4,800000	5,757834E+0
4,810000	5,849293E+0
4,820000	5,943906E+0
4,830000	6,041673E+0
4,840000	6,129979E+0
4,850000	6,227746E+0
4,860000	6,322359E+0
4,870000	6,426433E+0
4,880000	6,514739E+0
4,890000	6,612505E+0
4,900000	6,710272E+0
4,910000	6,798578E+0
4,920000	6,896345E+0
4,930000	6,978343E+0
4,940000	7,079263E+0
4,950000	7,161261E+0
4,960000	7,243259E+0
4,970000	7,309489E+0
4,980000	7,382025E+0
4,990000	7,457716E+0
5,000000	7,511330E+0
5,010000	7,577559E+0
5,020000	7,621712E+0
5,030000	7,687941E+0
5,040000	7,722632E+0
5,050000	7,766785E+0
5,060000	7,788862E+0
5,070000	7,810938E+0
5,080000	7,817245E+0
5,090000	7,833014E+0
5,100000	7,839322E+0
5,110000	7,829861E+0
5,120000	7,820399E+0
5,130000	7,814092E+0
5,140000	7,792015E+0
5,150000	7,760478E+0
5,160000	7,716325E+0
5,170000	7,675326E+0
5,180000	7,631173E+0
5,190000	7,583867E+0
5,200000	7,530252E+0
5,210000	7,460869E+0
5,220000	7,394640E+0
5,230000	7,315796E+0
5,240000	7,255874E+0
5,250000	7,170723E+0
5,260000	7,079263E+0
5,270000	6,984650E+0
5,280000	6,899498E+0
5,290000	6,804885E+0
5,300000	6,722887E+0
5,310000	6,628274E+0
5,320000	6,533661E+0
5,330000	6,439048E+0
5,340000	6,334974E+0
5,350000	6,237207E+0
5,360000	6,129979E+0
5,370000	6,038519E+0
5,380000	5,950214E+0
5,390000	5,868216E+0
5,400000	5,792525E+0
5,410000	5,707374E+0
5,420000	5,612760E+0
5,430000	5,518147E+0
5,440000	5,439303E+0
5,450000	5,373074E+0
5,460000	5,306845E+0
5,470000	5,253231E+0
5,480000	5,193309E+0
5,490000	5,139695E+0
5,500000	5,098696E+0
5,510000	5,057697E+0
5,520000	5,010390E+0
5,530000	4,982007E+0
5,540000	4,947315E+0
5,550000	4,953623E+0
5,560000	4,934700E+0
5,570000	4,944161E+0
5,580000	4,950469E+0
5,590000	4,959930E+0
5,600000	4,982007E+0
5,610000	5,004083E+0
5,620000	5,026159E+0
5,630000	5,054543E+0
5,640000	5,101850E+0
5,650000	5,149156E+0
5,660000	5,209078E+0
5,670000	5,262692E+0
5,680000	5,325767E+0
5,690000	5,395150E+0
5,700000	5,467687E+0
5,710000	5,533916E+0
5,720000	5,615914E+0
5,730000	5,697912E+0
5,740000	5,795679E+0
5,750000	5,874523E+0
5,760000	5,959675E+0
5,770000	6,063750E+0
5,780000	6,155209E+0
5,790000	6,246668E+0
5,800000	6,338127E+0
5,810000	6,448509E+0
5,820000	6,555738E+0
5,830000	6,647197E+0
5,840000	6,744964E+0
5,850000	6,830116E+0
5,860000	6,915267E+0
5,870000	7,009880E+0
5,880000	7,091878E+0
5,890000	7,173876E+0
5,900000	7,249567E+0
5,910000	7,322104E+0
5,920000	7,407255E+0
5,930000	7,473485E+0
5,940000	7,530252E+0
5,950000	7,587020E+0
5,960000	7,621712E+0
5,970000	7,675326E+0
5,980000	7,713171E+0
5,990000	7,741555E+0
6,000000	7,763631E+0
6,010000	7,792015E+0
6,020000	7,810938E+0
6,030000	7,823553E+0
6,040000	7,820399E+0
6,050000	7,820399E+0
6,060000	7,804630E+0
6,070000	7,801477E+0
6,080000	7,773093E+0
6,090000	7,751016E+0
6,100000	7,722632E+0
6,110000	7,675326E+0
6,120000	7,618558E+0
6,130000	7,568098E+0
6,140000	7,508176E+0
6,150000	7,448254E+0
6,160000	7,375718E+0
6,170000	7,306335E+0
6,180000	7,214875E+0
6,190000	7,139185E+0
6,200000	7,060341E+0
6,210000	6,984650E+0
6,220000	6,893191E+0
6,230000	6,798578E+0
6,240000	6,707119E+0
6,250000	6,606198E+0
6,260000	6,502124E+0
6,270000	6,410664E+0
6,280000	6,316051E+0
6,290000	6,221438E+0
6,300000	6,120517E+0
6,310000	6,025904E+0
6,320000	5,947060E+0
6,330000	5,846139E+0
6,340000	5,754680E+0
6,350000	5,666375E+0
6,360000	5,581223E+0
6,370000	5,508686E+0
6,380000	5,436149E+0
6,390000	5,369920E+0
6,400000	5,291076E+0
6,410000	5,221693E+0
6,420000	5,168079E+0
6,430000	5,123926E+0
6,440000	5,079773E+0
6,450000	5,041928E+0
6,460000	5,004083E+0
6,470000	4,982007E+0
6,480000	4,966238E+0
6,490000	4,950469E+0
6,500000	4,931546E+0
6,510000	4,937854E+0
6,520000	4,944161E+0
6,530000	4,956776E+0
6,540000	4,975699E+0
6,550000	4,997775E+0
6,560000	5,026159E+0
6,570000	5,048236E+0
6,580000	5,092388E+0
6,590000	5,139695E+0
6,600000	5,196463E+0
6,610000	5,269000E+0
6,620000	5,338383E+0
6,630000	5,407765E+0
6,640000	5,464533E+0
6,650000	5,555993E+0
6,660000	5,637991E+0
6,670000	5,716835E+0
6,680000	5,805140E+0
6,690000	5,893446E+0
6,700000	5,978598E+0
6,710000	6,070057E+0
6,720000	6,180439E+0
6,730000	6,259283E+0
6,740000	6,369665E+0
6,750000	6,470586E+0
6,760000	6,552584E+0
6,770000	6,656658E+0
6,780000	6,741810E+0
6,790000	6,839577E+0
6,800000	6,953113E+0
6,810000	7,025649E+0
6,820000	7,104494E+0
6,830000	7,189645E+0
6,840000	7,265336E+0
6,850000	7,337872E+0
6,860000	7,413563E+0
6,870000	7,479792E+0
6,880000	7,536560E+0
6,890000	7,599635E+0
6,900000	7,643788E+0
6,910000	7,687941E+0
6,920000	7,735247E+0
6,930000	7,769939E+0
6,940000	7,788862E+0
6,950000	7,801477E+0
6,960000	7,810938E+0
6,970000	7,829861E+0
6,980000	7,833014E+0
6,990000	7,810938E+0
7,000000	7,788862E+0
7,010000	7,785708E+0
7,020000	7,757324E+0
7,030000	7,719479E+0
7,040000	7,703710E+0
7,050000	7,640634E+0
7,060000	7,599635E+0
7,070000	7,549175E+0
7,080000	7,489253E+0
7,090000	7,426178E+0
7,100000	7,350488E+0
7,110000	7,268490E+0
7,120000	7,202260E+0
7,130000	7,117109E+0
7,140000	7,038264E+0
7,150000	6,956266E+0
7,160000	6,855346E+0
7,170000	6,776501E+0
7,180000	6,688196E+0
7,190000	6,584122E+0
7,200000	6,480047E+0
7,210000	6,375973E+0
7,220000	6,293975E+0
7,230000	6,196208E+0
7,240000	6,088980E+0
7,250000	6,003828E+0
7,260000	5,921830E+0
7,270000	5,814602E+0
7,280000	5,729450E+0
7,290000	5,663221E+0
7,300000	5,581223E+0
7,310000	5,508686E+0
7,320000	5,436149E+0
7,330000	5,350998E+0
7,340000	5,297383E+0
7,350000	5,228001E+0
7,360000	5,171233E+0
7,370000	5,123926E+0
7,380000	5,076620E+0
7,390000	5,038774E+0
7,400000	5,000929E+0
7,410000	4,985160E+0
7,420000	4,963084E+0
7,430000	4,953623E+0
7,440000	4,947315E+0
7,450000	4,950469E+0
7,460000	4,959930E+0
7,470000	4,959930E+0
7,480000	4,985160E+0
7,490000	5,010390E+0
7,500000	5,048236E+0
7,510000	5,076620E+0
7,520000	5,117619E+0
7,530000	5,171233E+0
7,540000	5,224847E+0
7,550000	5,281615E+0
7,560000	5,350998E+0
7,570000	5,414073E+0
7,580000	5,477148E+0
7,590000	5,568608E+0
7,600000	5,653759E+0
7,610000	5,742065E+0
7,620000	5,842986E+0
7,630000	5,915522E+0
7,640000	5,994367E+0
7,650000	6,095287E+0
7,660000	6,186747E+0
7,670000	6,287667E+0
7,680000	6,391742E+0
7,690000	6,489508E+0
7,700000	6,571506E+0
7,710000	6,685042E+0
7,720000	6,776501E+0
7,730000	6,864807E+0
7,740000	6,959420E+0
7,750000	7,028803E+0
7,760000	7,113955E+0
7,770000	7,202260E+0
7,780000	7,281105E+0
7,790000	7,347334E+0
7,800000	7,410409E+0
7,810000	7,460869E+0
7,820000	7,514484E+0
7,830000	7,583867E+0
7,840000	7,624866E+0
7,850000	7,672172E+0
7,860000	7,710017E+0
7,870000	7,735247E+0
7,880000	7,773093E+0
7,890000	7,782554E+0
7,900000	7,785708E+0
7,910000	7,798323E+0
7,920000	7,810938E+0
7,930000	7,798323E+0
7,940000	7,785708E+0
7,950000	7,760478E+0
7,960000	7,741555E+0
7,970000	7,719479E+0
7,980000	7,681633E+0
7,990000	7,640634E+0
8,000000	7,609097E+0
8,010000	7,549175E+0
8,020000	7,489253E+0
8,030000	7,419870E+0
8,040000	7,344180E+0
8,050000	7,259028E+0
8,060000	7,180184E+0
8,070000	7,101340E+0
8,080000	7,009880E+0
8,090000	6,937344E+0
8,100000	6,826962E+0
8,110000	6,732349E+0
8,120000	6,644043E+0
8,130000	6,539969E+0
8,140000	6,445356E+0
8,150000	6,360204E+0
8,160000	6,249822E+0
8,170000	6,158363E+0
8,180000	6,051134E+0
8,190000	5,972290E+0
8,200000	5,874523E+0
8,210000	5,779910E+0
8,220000	5,704220E+0
8,230000	5,622222E+0
8,240000	5,546531E+0
8,250000	5,464533E+0
8,260000	5,401458E+0
8,270000	5,332075E+0
8,280000	5,262692E+0
8,290000	5,209078E+0
8,300000	5,158618E+0
8,310000	5,114465E+0
8,320000	5,060851E+0
8,330000	5,038774E+0
8,340000	5,019852E+0
8,350000	4,991468E+0
8,360000	4,956776E+0
8,370000	4,956776E+0
8,380000	4,953623E+0
8,390000	4,937854E+0
8,400000	4,956776E+0
8,410000	4,975699E+0
8,420000	4,994622E+0
8,430000	5,032467E+0
8,440000	5,067158E+0
8,450000	5,095542E+0
8,460000	5,139695E+0
8,470000	5,193309E+0
8,480000	5,240616E+0
8,490000	5,306845E+0
8,500000	5,360459E+0
8,510000	5,439303E+0
8,520000	5,530762E+0
8,530000	5,606453E+0
8,540000	5,691605E+0
8,550000	5,779910E+0
8,560000	5,865062E+0
8,570000	5,943906E+0
8,580000	6,032212E+0
8,590000	6,133132E+0
8,600000	6,218284E+0
8,610000	6,322359E+0
8,620000	6,423279E+0
8,630000	6,511585E+0
8,640000	6,615659E+0
8,650000	6,713426E+0
8,660000	6,808039E+0
8,670000	6,893191E+0
8,680000	6,978343E+0
8,690000	7,069802E+0
8,700000	7,154954E+0
8,710000	7,227491E+0
8,720000	7,306335E+0
8,730000	7,372564E+0
8,740000	7,454562E+0
8,750000	7,505022E+0
8,760000	7,571251E+0
8,770000	7,628019E+0
8,780000	7,672172E+0
8,790000	7,703710E+0
8,800000	7,744709E+0
8,810000	7,782554E+0
8,820000	7,801477E+0
8,830000	7,810938E+0
8,840000	7,810938E+0
8,850000	7,823553E+0
8,860000	7,810938E+0
8,870000	7,807784E+0
8,880000	7,788862E+0
8,890000	7,763631E+0
8,900000	7,735247E+0
8,910000	7,700556E+0
8,920000	7,656403E+0
8,930000	7,615404E+0
8,940000	7,564944E+0
8,950000	7,511330E+0
8,960000	7,454562E+0
8,970000	7,382025E+0
8,980000	7,306335E+0
8,990000	7,243259E+0
9,000000	7,151800E+0
9,010000	7,060341E+0
9,020000	6,972035E+0
9,030000	6,896345E+0
9,040000	6,801732E+0
9,050000	6,697657E+0
9,060000	6,628274E+0
9,070000	6,517892E+0
9,080000	6,429587E+0
9,090000	6,322359E+0
9,100000	6,227746E+0
9,110000	6,133132E+0
9,120000	6,038519E+0
9,130000	5,947060E+0
9,140000	5,861908E+0
9,150000	5,783064E+0
9,160000	5,697912E+0
9,170000	5,619068E+0
9,180000	5,533916E+0
9,190000	5,445611E+0
9,200000	5,379382E+0
9,210000	5,313152E+0
9,220000	5,265846E+0
9,230000	5,205924E+0
9,240000	5,155464E+0
9,250000	5,101850E+0
9,260000	5,064005E+0
9,270000	5,032467E+0
9,280000	5,007237E+0
9,290000	4,985160E+0
9,300000	4,966238E+0
9,310000	4,953623E+0
9,320000	4,959930E+0
9,330000	4,947315E+0
9,340000	4,963084E+0
9,350000	4,985160E+0
9,360000	5,010390E+0
9,370000	5,038774E+0
9,380000	5,076620E+0
9,390000	5,111311E+0
9,400000	5,158618E+0
9,410000	5,199617E+0
9,420000	5,278461E+0
9,430000	5,328921E+0
9,440000	5,401458E+0
9,450000	5,470841E+0
9,460000	5,540224E+0
9,470000	5,609607E+0
9,480000	5,691605E+0
9,490000	5,783064E+0
9,500000	5,883985E+0
9,510000	5,965983E+0
9,520000	6,047981E+0
9,530000	6,148901E+0
9,540000	6,249822E+0
9,550000	6,350743E+0
9,560000	6,423279E+0
9,570000	6,505277E+0
9,580000	6,615659E+0
9,590000	6,703965E+0
9,600000	6,804885E+0
9,610000	6,908960E+0
9,620000	6,994112E+0
9,630000	7,072956E+0
9,640000	7,142339E+0
9,650000	7,208568E+0
9,660000	7,287412E+0
9,670000	7,363103E+0
9,680000	7,407255E+0
9,690000	7,470331E+0
9,700000	7,533406E+0
9,710000	7,590174E+0
9,720000	7,640634E+0
9,730000	7,672172E+0
9,740000	7,700556E+0
9,750000	7,725786E+0
9,760000	7,747863E+0
9,770000	7,763631E+0
9,780000	7,776246E+0
9,790000	7,776246E+0
9,800000	7,792015E+0
9,810000	7,773093E+0
9,820000	7,757324E+0
9,830000	7,738401E+0
9,840000	7,722632E+0
9,850000	7,681633E+0
9,860000	7,640634E+0
9,870000	7,609097E+0
9,880000	7,561790E+0
9,890000	7,501868E+0
9,900000	7,423024E+0
9,910000	7,356795E+0
9,920000	7,281105E+0
9,930000	7,195953E+0
9,940000	7,104494E+0
9,950000	7,025649E+0
9,960000	6,943651E+0
9,970000	6,855346E+0
9,980000	6,767040E+0
9,990000	6,662966E+0
10,000000	6,568353E+0

